# Fusion cross sections for ELAB=  25.000, ECM=  24.490
     0.5   21.15      1
     0.5   41.62     -1
     1.5   44.47      1
     1.5   86.20     -1
     2.5   62.00      1
     2.5   130.2     -1
     3.5   90.88      1
     3.5   187.7     -1
     4.5   97.82      1
     4.5   223.0     -1
     5.5   68.56      1
     5.5   223.3     -1
     6.5   107.9      1
     6.5   133.6     -1
     7.5   8.456      1
     7.5   42.93     -1
     8.5   10.24      1
     8.5   12.87     -1
     9.5  0.7964      1
     9.5   3.822     -1
    10.5  0.8886      1
    10.5   1.124     -1
    11.5  0.6877E-01  1
    11.5  0.3275     -1
    12.5  0.7469E-01  1
    12.5  0.9453E-01 -1
    13.5  0.5674E-02  1
    13.5  0.2706E-01 -1
    14.5  0.6082E-02  1
    14.5  0.7693E-02 -1
    15.5  0.4544E-03  1
    15.5  0.2173E-02 -1
    16.5  0.4828E-03  1
    16.5  0.6103E-03 -1
    17.5  0.3559E-04  1
    17.5  0.1706E-03 -1
    18.5  0.3756E-04  1
    18.5  0.4745E-04 -1
    19.5  0.2739E-05  1
    19.5  0.1315E-04 -1
    20.5  0.2876E-05  1
    20.5  0.3631E-05 -1
 &
