           1           2           1
    0.5+     0 1   21.15       0.000    
    0.5-     1 1   20.47       0.000    
    1.5+     2 1   44.47       0.000    
    1.5-     1 1   41.73       0.000    
    2.5+     2 1   62.00       0.000    
    2.5-     3 1   68.22       0.000    
    3.5+     4 1   90.88       0.000    
    3.5-     3 1   96.83       0.000    
    4.5+     4 1   97.82       0.000    
    4.5-     5 1   125.2       0.000    
    5.5+     6 1   68.56       0.000    
    5.5-     5 1   154.7       0.000    
    6.5+     6 1   107.9       0.000    
    6.5-     7 1   25.66       0.000    
    7.5+     8 1   8.456       0.000    
    7.5-     7 1   34.48       0.000    
    8.5+     8 1   10.24       0.000    
    8.5-     9 1   2.636       0.000    
    9.5+    10 1  0.7964       0.000    
    9.5-     9 1   3.026       0.000    
   10.5+    10 1  0.8886       0.000    
   10.5-    11 1  0.2357       0.000    
   11.5+    12 1  0.6877E-01   0.000    
   11.5-    11 1  0.2587       0.000    
   12.5+    12 1  0.7469E-01   0.000    
   12.5-    13 1  0.1984E-01   0.000    
   13.5+    14 1  0.5674E-02   0.000    
   13.5-    13 1  0.2139E-01   0.000    
   14.5+    14 1  0.6082E-02   0.000    
   14.5-    15 1  0.1611E-02   0.000    
   15.5+    16 1  0.4544E-03   0.000    
   15.5-    15 1  0.1718E-02   0.000    
   16.5+    16 1  0.4828E-03   0.000    
   16.5-    17 1  0.1275E-03   0.000    
   17.5+    18 1  0.3559E-04   0.000    
   17.5-    17 1  0.1350E-03   0.000    
   18.5+    18 1  0.3756E-04   0.000    
   18.5-    19 1  0.9891E-05   0.000    
   19.5+    20 1  0.2739E-05   0.000    
   19.5-    19 1  0.1041E-04   0.000    
   20.5+    20 1  0.2876E-05   0.000    
   20.5-    21 1  0.7555E-06   0.000    
