           1           2           1
    0.5+     0 1   21.58       0.000    
    0.5-     1 1   21.00       0.000    
    1.5+     2 1   44.87       0.000    
    1.5-     1 1   42.82       0.000    
    2.5+     2 1   62.73       0.000    
    2.5-     3 1   69.31       0.000    
    3.5+     4 1   89.78       0.000    
    3.5-     3 1   97.87       0.000    
    4.5+     4 1   98.36       0.000    
    4.5-     5 1   127.4       0.000    
    5.5+     6 1   70.50       0.000    
    5.5-     5 1   153.1       0.000    
    6.5+     6 1   111.8       0.000    
    6.5-     7 1   25.38       0.000    
    7.5+     8 1   7.934       0.000    
    7.5-     7 1   34.47       0.000    
    8.5+     8 1   9.668       0.000    
    8.5-     9 1   2.341       0.000    
    9.5+    10 1  0.6692       0.000    
    9.5-     9 1   2.697       0.000    
   10.5+    10 1  0.7481       0.000    
   10.5-    11 1  0.1874       0.000    
   11.5+    12 1  0.5170E-01   0.000    
   11.5-    11 1  0.2059       0.000    
   12.5+    12 1  0.5618E-01   0.000    
   12.5-    13 1  0.1411E-01   0.000    
   13.5+    14 1  0.3817E-02   0.000    
   13.5-    13 1  0.1521E-01   0.000    
   14.5+    14 1  0.4092E-02   0.000    
   14.5-    15 1  0.1025E-02   0.000    
   15.5+    16 1  0.2735E-03   0.000    
   15.5-    15 1  0.1093E-02   0.000    
   16.5+    16 1  0.2906E-03   0.000    
   16.5-    17 1  0.7256E-04   0.000    
   17.5+    18 1  0.1916E-04   0.000    
   17.5-    17 1  0.7683E-04   0.000    
   18.5+    18 1  0.2023E-04   0.000    
   18.5-    19 1  0.5038E-05   0.000    
   19.5+    20 1  0.1319E-05   0.000    
   19.5-    19 1  0.5303E-05   0.000    
   20.5+    20 1  0.1385E-05   0.000    
   20.5-    21 1  0.3443E-06   0.000    
