 loop =           0  is type =           0   0.00000000       48.0000000       0.00000000       1.25000000       0.00000000       0.00000000       0.00000000       0.00000000       0.00000000    
 loop =          -1  is type =           1   0.00000000       51.4217682       1.16841412      0.678320408      0.518227398       1.31392694      0.607873917       0.00000000       0.00000000    
 loop =          -1  is type =           2   0.00000000       0.00000000       0.00000000       0.00000000       7.54261160       1.31392694      0.607873917       0.00000000       0.00000000    
 loop =          -1  is type =           3   0.00000000       6.19999981       1.00999999      0.750000000       0.00000000       0.00000000       0.00000000       0.00000000       0.00000000    
 WOUT,ITER,FALLOC = F           1 T
  0.50000000000000000      +NUMCC:           1           1
  0.50000000000000000      +CCSET:           1           1           0
  0.50000000000000000      -NUMCC:           1           1
  0.50000000000000000      -CCSET:           1           1           0
   1.5000000000000000      +NUMCC:           1           1
   1.5000000000000000      +CCSET:           1           1           0
   1.5000000000000000      -NUMCC:           1           1
   1.5000000000000000      -CCSET:           1           1           0
   2.5000000000000000      +NUMCC:           1           1
   2.5000000000000000      +CCSET:           1           1           0
   2.5000000000000000      -NUMCC:           1           1
   2.5000000000000000      -CCSET:           1           1           0
   3.5000000000000000      +NUMCC:           1           1
   3.5000000000000000      +CCSET:           1           1           0
   3.5000000000000000      -NUMCC:           1           1
   3.5000000000000000      -CCSET:           1           1           0
   4.5000000000000000      +NUMCC:           1           1
   4.5000000000000000      +CCSET:           1           1           0
   4.5000000000000000      -NUMCC:           1           1
   4.5000000000000000      -CCSET:           1           1           0
   5.5000000000000000      +NUMCC:           1           1
   5.5000000000000000      +CCSET:           1           1           0
   5.5000000000000000      -NUMCC:           1           1
   5.5000000000000000      -CCSET:           1           1           0
   6.5000000000000000      +NUMCC:           1           1
   6.5000000000000000      +CCSET:           1           1           0
   6.5000000000000000      -NUMCC:           1           1
   6.5000000000000000      -CCSET:           1           1           0
   7.5000000000000000      +NUMCC:           1           1
   7.5000000000000000      +CCSET:           1           1           0
   7.5000000000000000      -NUMCC:           1           1
   7.5000000000000000      -CCSET:           1           1           0
   8.5000000000000000      +NUMCC:           1           1
   8.5000000000000000      +CCSET:           1           1           0
   8.5000000000000000      -NUMCC:           1           1
   8.5000000000000000      -CCSET:           1           1           0
   9.5000000000000000      +NUMCC:           1           1
   9.5000000000000000      +CCSET:           1           1           0
   9.5000000000000000      -NUMCC:           1           1
   9.5000000000000000      -CCSET:           1           1           0
   10.500000000000000      +NUMCC:           1           1
   10.500000000000000      +CCSET:           1           1           0
   10.500000000000000      -NUMCC:           1           1
   10.500000000000000      -CCSET:           1           1           0
   11.500000000000000      +NUMCC:           1           1
   11.500000000000000      +CCSET:           1           1           0
   11.500000000000000      -NUMCC:           1           1
   11.500000000000000      -CCSET:           1           1           0
   12.500000000000000      +NUMCC:           1           1
   12.500000000000000      +CCSET:           1           1           0
   12.500000000000000      -NUMCC:           1           1
   12.500000000000000      -CCSET:           1           1           0
   13.500000000000000      +NUMCC:           1           1
   13.500000000000000      +CCSET:           1           1           0
   13.500000000000000      -NUMCC:           1           1
   13.500000000000000      -CCSET:           1           1           0
   14.500000000000000      +NUMCC:           1           1
   14.500000000000000      +CCSET:           1           1           0
   14.500000000000000      -NUMCC:           1           1
   14.500000000000000      -CCSET:           1           1           0
   15.500000000000000      +NUMCC:           1           1
   15.500000000000000      +CCSET:           1           1           0
   15.500000000000000      -NUMCC:           1           1
   15.500000000000000      -CCSET:           1           1           0
   16.500000000000000      +NUMCC:           1           1
   16.500000000000000      +CCSET:           1           1           0
   16.500000000000000      -NUMCC:           1           1
   16.500000000000000      -CCSET:           1           1           0
   17.500000000000000      +NUMCC:           1           1
   17.500000000000000      +CCSET:           1           1           0
   17.500000000000000      -NUMCC:           1           1
   17.500000000000000      -CCSET:           1           1           0
   18.500000000000000      +NUMCC:           1           1
   18.500000000000000      +CCSET:           1           1           0
   18.500000000000000      -NUMCC:           1           1
   18.500000000000000      -CCSET:           1           1           0
   19.500000000000000      +NUMCC:           1           1
   19.500000000000000      +CCSET:           1           1           0
   19.500000000000000      -NUMCC:           1           1
   19.500000000000000      -CCSET:           1           1           0
   20.500000000000000      +NUMCC:           1           1
   20.500000000000000      +CCSET:           1           1           0
   20.500000000000000      -NUMCC:           1           1
   20.500000000000000      -CCSET:           1           1           0
