# 181 angles,  1 tensor ranks for 0=projectile
@subtitle   "48Ca(p,p) 25.0 MeV"                                                            
@legend ON
@legend x1 0.2
@legend y1 0.8
@g0 type LOGY
@yaxis ticklabel format power
@legend string   0 "Lab energy =   25.0000"
#legend string   0 "Partition=  1 Excit=  1 near/far= 1"
#  Theta       sigma       iT11        T20         T21         T22         Kyy for projectile
  0.1000E-01   1.000    
   1.000       1.003    
   2.000      0.9900    
   3.000      0.9538    
   4.000      0.9021    
   5.000      0.8441    
   6.000      0.7880    
   7.000      0.7401    
   8.000      0.7051    
   9.000      0.6857    
   10.00      0.6828    
   11.00      0.6958    
   12.00      0.7224    
   13.00      0.7596    
   14.00      0.8029    
   15.00      0.8479    
   16.00      0.8894    
   17.00      0.9226    
   18.00      0.9433    
   19.00      0.9477    
   20.00      0.9335    
   21.00      0.8992    
   22.00      0.8451    
   23.00      0.7729    
   24.00      0.6855    
   25.00      0.5874    
   26.00      0.4841    
   27.00      0.3821    
   28.00      0.2884    
   29.00      0.2101    
   30.00      0.1542    
   31.00      0.1271    
   32.00      0.1342    
   33.00      0.1797    
   34.00      0.2663    
   35.00      0.3947    
   36.00      0.5641    
   37.00      0.7715    
   38.00       1.012    
   39.00       1.281    
   40.00       1.568    
   41.00       1.867    
   42.00       2.166    
   43.00       2.458    
   44.00       2.731    
   45.00       2.976    
   46.00       3.186    
   47.00       3.353    
   48.00       3.472    
   49.00       3.539    
   50.00       3.552    
   51.00       3.511    
   52.00       3.418    
   53.00       3.277    
   54.00       3.094    
   55.00       2.876    
   56.00       2.632    
   57.00       2.370    
   58.00       2.101    
   59.00       1.834    
   60.00       1.579    
   61.00       1.346    
   62.00       1.142    
   63.00      0.9739    
   64.00      0.8486    
   65.00      0.7697    
   66.00      0.7399    
   67.00      0.7598    
   68.00      0.8288    
   69.00      0.9443    
   70.00       1.102    
   71.00       1.298    
   72.00       1.524    
   73.00       1.775    
   74.00       2.041    
   75.00       2.315    
   76.00       2.589    
   77.00       2.855    
   78.00       3.105    
   79.00       3.333    
   80.00       3.531    
   81.00       3.696    
   82.00       3.823    
   83.00       3.910    
   84.00       3.955    
   85.00       3.957    
   86.00       3.917    
   87.00       3.839    
   88.00       3.723    
   89.00       3.575    
   90.00       3.398    
   91.00       3.198    
   92.00       2.981    
   93.00       2.753    
   94.00       2.518    
   95.00       2.283    
   96.00       2.054    
   97.00       1.835    
   98.00       1.632    
   99.00       1.448    
   100.0       1.286    
   101.0       1.150    
   102.0       1.041    
   103.0      0.9602    
   104.0      0.9079    
   105.0      0.8837    
   106.0      0.8863    
   107.0      0.9139    
   108.0      0.9642    
   109.0       1.034    
   110.0       1.121    
   111.0       1.220    
   112.0       1.329    
   113.0       1.443    
   114.0       1.559    
   115.0       1.673    
   116.0       1.782    
   117.0       1.882    
   118.0       1.971    
   119.0       2.046    
   120.0       2.106    
   121.0       2.148    
   122.0       2.173    
   123.0       2.179    
   124.0       2.168    
   125.0       2.139    
   126.0       2.093    
   127.0       2.033    
   128.0       1.959    
   129.0       1.875    
   130.0       1.782    
   131.0       1.683    
   132.0       1.582    
   133.0       1.479    
   134.0       1.379    
   135.0       1.284    
   136.0       1.195    
   137.0       1.116    
   138.0       1.048    
   139.0      0.9933    
   140.0      0.9522    
   141.0      0.9260    
   142.0      0.9151    
   143.0      0.9197    
   144.0      0.9396    
   145.0      0.9740    
   146.0       1.022    
   147.0       1.083    
   148.0       1.154    
   149.0       1.235    
   150.0       1.323    
   151.0       1.417    
   152.0       1.514    
   153.0       1.613    
   154.0       1.710    
   155.0       1.806    
   156.0       1.896    
   157.0       1.981    
   158.0       2.059    
   159.0       2.128    
   160.0       2.187    
   161.0       2.237    
   162.0       2.276    
   163.0       2.305    
   164.0       2.323    
   165.0       2.332    
   166.0       2.332    
   167.0       2.323    
   168.0       2.308    
   169.0       2.287    
   170.0       2.261    
   171.0       2.232    
   172.0       2.201    
   173.0       2.170    
   174.0       2.140    
   175.0       2.112    
   176.0       2.087    
   177.0       2.067    
   178.0       2.052    
   179.0       2.043    
   180.0       2.040    
 END
