# Fusion cross sections for ELAB=  25.000, ECM=  24.490
     0.5   21.58      1
     0.5   42.58     -1
     1.5   44.87      1
     1.5   87.68     -1
     2.5   62.73      1
     2.5   132.0     -1
     3.5   89.78      1
     3.5   187.7     -1
     4.5   98.36      1
     4.5   225.8     -1
     5.5   70.50      1
     5.5   223.6     -1
     6.5   111.8      1
     6.5   137.2     -1
     7.5   7.934      1
     7.5   42.40     -1
     8.5   9.668      1
     8.5   12.01     -1
     9.5  0.6692      1
     9.5   3.366     -1
    10.5  0.7481      1
    10.5  0.9355     -1
    11.5  0.5170E-01  1
    11.5  0.2576     -1
    12.5  0.5618E-01  1
    12.5  0.7029E-01 -1
    13.5  0.3817E-02  1
    13.5  0.1903E-01 -1
    14.5  0.4092E-02  1
    14.5  0.5116E-02 -1
    15.5  0.2735E-03  1
    15.5  0.1367E-02 -1
    16.5  0.2906E-03  1
    16.5  0.3631E-03 -1
    17.5  0.1916E-04  1
    17.5  0.9600E-04 -1
    18.5  0.2023E-04  1
    18.5  0.2526E-04 -1
    19.5  0.1319E-05  1
    19.5  0.6622E-05 -1
    20.5  0.1385E-05  1
    20.5  0.1730E-05 -1
 &
